$ANSIBLE_VAULT;1.1;AES256
65653736666138653632383334636632306566643338343931373761666664386263643238316532
3466333636623336666363333636306639646139393730380a343732333936313831633839643536
35653832643163623033383333386132373439616562333261636666396233356563633062393438
3232316630363665350a313930333565653234346139613231336233316565633131306337633532
61613632323734343134313035633530383835376434376438326366356139626337656133623266
64383162353064376635616337396339333761323730636563333332386365613861353536303164
63353535336336336165303434353537366562636433616139666539383637636332376431336538
39623965333330363031383866356632653064636364363030396531366462656563653165373761
64656164393764613237613537353534633662333662393035343130353039336238646565303864
32646566333831613561626365373537653839303039343539633034373331383262363535386462
35653534633430646439653533333037353939666439356137633935393438623934313063306161
38623935313336386435303763393733326632616563386532656661316163616136623432373463
37643436313363666661346366343536343465343031373531353864303036326663323135313934
35633239353930633031393736656361663562626432386339353937396137623463623131393737
62376231343830363939656236346662343934323833633434343936393038653961343037306465
39316433613739383339376361613939343333346461633435363165316661333230356666656434
34343663303565613630613864613665663661303064663636303539613962353337363935323133
63623461643036376635663131326366643038383233643463666334363637643237376132626164
37396532666231666562353536336539393332326264316431373830636166303463653231303839
34646533643532373834626361326634343332663732383534306261616264306437303934386163
31326161363063343462376262363262396637313766383039303163346632326230393636366636
65636137346536623235373336363834323936623531623039653632303139366634386534663838
66396139663763356533633837333031346266336235666334326334616365626563616464316231
64636562623531396136373932396433353665353030313330323331346531636430313833333961
31356138646564313231313362643638663735306163633033326538323433333733383066303431
30356430626164373337393334343338303730326431633733633536373361343339623463343861
63346233323537623831373835393862343735323664386432346338376637336161316338333561
65336439333130396361356163666438333731636336613665613434356139663637653432303830
36636661383061323432633235303735666330343265316465376265386465386365663035633835
61336166636665346465303038373034353433346265663130396637353235636533393066353035
32653963313831663563626535656137366162616432653235373730323339616234663231333964
35383766386138633430663638386236373634613564376661373635663531356537613632363963
31623865313465633938386162633032376466303166326630383963396232666265636165343037
32623563376137643237333137613136343765303431336563636561346163626438363466396561
63353862653335313736356465373761636131316366373730313538326566343064303030336637
30326334393839356530633961383239373163393965303362373230303837623030323063353333
36616665656365623266623639386332613739313135396232316332666463323230306231303632
38613630306136303565643966653561613762316162643433643865363234633432303433616231
64366438646431353461373530643437383365363165366538343437646636346234613564333732
34653736393039343634353530626133336636333032366530663737303333663936306533393930
31353963633264303766656435323562633437313062393362316237363432386638633235663136
37613936396134326361376333633439316636363230386336646634356565613865623532643836
31663238323865363062313232313636616130353038626532366630376263396130393133343962
36353462316464393437383234626336343438303832396638306664393963636531623935323861
63336662626366666135633561316530393938346661333530386665656464396434616536343835
62383134643137376662663864343766616332356237336466303731653465326432646663323135
62656561356365326537363066653265616635663738313862366165366161313566613133326332
36363161616131306234636339393666616466376638623631346565353337356230363336646161
63383038623730633664653437336338653834623363373861653430363536303736393232616434
61303830653330336265376161653038386630326431313739303731333536353038346566633161
63373562623437316366383162386432643537376534616537626234623038343264366636623465
62643939326537333330633136373365383362386334636563626132313966323233303732316262
33666139616531393033656462366533633631333463643537363737633362653566663863356565
31633566356663363363633333396337343265306566383665646362313562353166663135393166
65393264346139303366363666613730653235656531343832356339663763373732393438366236
61373034383064323039663334643663626262656630373331616166623062636365396464393032
37643335303035636231336363623762646633313966633430306533373832666432653538336230
32666530633530383831373863316632663930303830363735373162383163323462366136653939
38383934333930626539303264373336343335633532393535353339616633626433643238656433
63383666316238303662633434643332626331393664346364653530303362383633623632353765
32616561623536393032643162343362383034393961666238363661653531613431313064363933
32363164326238653030383739616238333434616531346364383461616265623264346163333163
62326536653331626364343462313331653361633833366537663163313761313633633961316564
66653665666433373266643762353930373639346666303839623561393333633839353732653031
34383939336463636161363831653632663830376231656631626234343639303765643936313938
63396531623761333231633638613466363833323762643139343232363336313063396130613835
61613264666436653936373065386462343464303866343364346130613863393533386134623336
61613138303836353564396661636532303032333138616139373538376564366333663764333465
30346166386531333338623030663164666361363137666139303265386135646566366339616438
62623363663166613839353233393132323933306530626264666539636637633163396365326464
39303761393637356564666233316539336138613430373432633763373532333863336161376533
65323161623564333631376338393739376165346134366436346438353836313362623261626139
37366531663432613262343764356130383662366165383334656331643031643436346161666238
63306437303137323962613266333061373865363966653733363765393237633135326436663035
66303839343634303235336265613333633934353964633162663262633236636135323539626564
61363233383338653933333533613966666432663938343730343635643035306537386337386633
34353738653231356635373736363465356465363634636137333839613361343164306663353030
65633233653837393962306338383230333536396664313536383962393066323935326532343565
33626164393037396532653962633531626631323930346361616135653333376131383037613862
31353761663536663835653165616439613066333934343964636565666465373766336161626539
34643664626565663237663961316162303365306631633839663130616163663739376436373136
63633133343633333934323163346264343163376330626162653830396264353130373339333834
31616233323937336462643338613335613163333238666239316261343964313262616437306264
36383839623033653035326236613339353234356463613034376261373034623130633963623632
31326130656433396531656463386238333634313538363766626234343230376265356336323732
65336334316463343761643661636161663532386366623833326364333362663763643431616235
35383631393464353639336563636161326563666639383030623339346666656630303033313761
39303135316435343565343663396432386166373461653139653137373762333438633134653438
32383439373865306363363831363562353837393665636435333133623631613163346465303865
65316236316562336135346132393438346538646466643136353733373430653738353732306230
36353030633532346434323565633039626134303635356230363239643138306231663631393565
61653238336466353435353164626338336361623561346565306139333935626136353063363136
35313062396562343433356431623531613761333634386662653963353461393165613736643634
37623337643537636233386364616232636333623765373538386261623362366537323034663337
39313262623334373432346234633935393930643936323362346435353039323534636365643162
38396463303131303662333464313834646463646263636431663738323733336139303963393762
63306164356335353931376165326134323331666339313236653738656365623965393934376262
32373666336539303761376262613662656331356632373636656531653336343137313531653962
65646263316634393563303563373339356233306263616661353635613561333563666166663831
36336131616461633635626435393632653533303966373461313239346532643630326233346131
32323633326239383334626338663834366536356538306635383362333738336132663338663764
64343831313333326164666639346662313163646135343163313832663338623463376631663735
63663931323134346263663061623830376135623030613666643735396430306665323138386266
39333332353836643162663832633635666563353261643064376131316531666232326433373666
36663139373939333965633232663261356366643564326662386433626634633966363466363235
62363663303635613437346232376165663435333439623234653930326636626530376637646135
62313139643936346164353633383538396436393934663531643961363032336366373530346131
35333664306363336336383635663434623930353533613939393231353839323862363632636638
37333565343862653564636433313631636162613364313162393631613164633137376261613261
39613834343032643539336539633535626166393036363164326265633364306533323966326266
62336366653935616331393032323433363932346361353839323763613437353464346565663432
36366565666662353837363461663738393762613533663833653633656464633366663633393436
31313338323566396535343434343434373330343162643432623864333262313933633966313761
38636430343163616337383565646631323239373865663735646262333036343130303835306666
65653138623131613434356464353238616362386439333862323136383035343435636231393565
39383437623836663164623763383431326633666365366333643334373931316466343933623237
66653839666536343439313665356666343334663861323365653366626231636130303735353265
33623763643035353735353065363938366139643062333732326332633863393535316664646535
63306236373066336334346231306239643262373262613838336266616330396164626433323232
61303639333366633439306163386336333539376565343066366135623738643561656665363362
37646139326139643761336233663132333865623636346131313664646335613939356237306531
32383062383666613965336365326339303965313763383263636439613632626465353338303664
35303532343939643238326632303563353931333239666530366362313662656434656261663036
36373930653463316539306534363062666434353438616338333038326462633962356534393331
61383033356266346361623462393834353935653066343532666437303132393733663430323163
36643538373066326232663864386239343233646165353063316662353834383832616166643330
31643130363562653931353932623366386339633231626634653238323936653563393934376231
31313630323535646134626637313035393232626165353234616432343733306237343030353938
32353363333330313666313237366631373261313437383234653263343862343230323336343764
38643265623964613662396139333138383234303530623763383363366632613036646430656334
62353664353061303936303866636636363964373638626536633162663061616231343533366237
35383063333766303530623232616664613534653039383639346238333365313364323061383165
34383564383731633564656362396666373939626637633766656331386533306232373262303833
61373262363931633637396163353331353161363063303561633263633161343932666162303766
35616538356266666463313031643239623061643936386566396136393933646663643764386361
30623039666166613539313461363836303863646261646562396661333534643964613130363665
63336465373030383964336464666234323763303430393337633162613832613133613334366262
66376131306661613362316231646131653236383938626436386263653732346165396430663161
66353733626633353938393966663866666466653932666566306165323230323364623236386432
65613034623465376465613634373430633163643465323136636261306632386434653066353063
62376666646433656462353634303735663264653166383132666136373965396361646231376537
36363234623863613465323765333131623034636139306235656339376235356137386433376662
61366330626133653066376662353362356230663837653364333839383036643566363866333362
65353966373336626536303265396637313733376130646636666666316234396637323562613966
36333362626565373762323334643936353538343861373339353139643734336463396435363634
38346163616663653861383033383832393166363361363265333132646132666531336436363839
64373230346437336463666533623063393263653739643466373362333662663165643738393835
32643136336138616334663631303834663764656133386635613663646333323838326364353438
31333432373463363831633561623066623733333963643535353063643063653235613864306661
33376131386639346437613635386334346539333662383562303163323164656330343330303234
31653239346362663834386637383034343338306539343730623064313230653065393433386263
33616136366564633362316361373465376339386366326362393335653532626661383666613435
38313664373734346465323335396333363761643862336432306533333566633339333037343062
31336533306230656563396634356463353562386162643432666339323165306234613237633130
65656633613336346162316666333938393439663634646537626162333430333738316361396633
30393436326535626131626163313361326439363335646232393230396233653030373737373466
38306236363732343861626339653765346430343135663035666632613164663930383862386237
37386534653962353239653732383336653237663738656661646637623466316631623765343036
61336532306433663639636466643163636337613931356665396335313238333331373365353133
36363936373563396163313633396233613139353064303634336566653136616366363464306164
36616636626536633533356534336330373562383265616234343265326539356566343962386262
64626161633631373764316435653930633230636337376163646661353236366538663034666632
36386363313535313831623532306435323435393134346436363565656135343934653733656131
61393431366333303836373864336665323330313833303138396330623430383061313236626335
33376130656632343331346663636638356537393032396663323937663535613332313064356637
33313630653131656635393437316632656563613866616363616531343237633637306636383335
62343461636139303337306564313332613639373963363161303962346137353634616430633730
39623430373735626565363931386234656331316238343731666236316234356533633231376439
66396666666537343432353131316663363662343463656464396132333133653338316263333566
66656166333562353765626533383831393835643162323063333730396461326638613031353638
36663862666237666630393330313239666630393861666533633638633263353630366365363239
33646630306365363862363732393633306536643634663338623533613135613866356465616633
65376233353366633433396239613337666239653439393561356263323535346333333037373332
61393531613262616235656565626361653739343431363136633235353034353732323036363332
31343065663830653733653464353037373435663333373230303365333464333533663033666534
66333432623733303463
